.1566  .1819   7.3   129  5.84   70
.4773  .4870  62.8    78  1.79    3
.3860  .3077  34.70   58  1.79   26
.2493  .3767   2.9    95  1.49   73
.3284  .2311   2.2   154  2.04   34
.2922  .3111  21.3    43  2.57   48
.3175  .3396  69.9    38  3.11   44
.6218  .3343   8.1   183  4.14    1
.3268  .4783  28.41  121  2.31   73
.4002  .5064  27.22  110  2.32   55
.3504  .4706  28.26   89  2.24   70
.3404  .3863  28.70   72  3.24   57
.3870  .4492  30.32   96  3.13   51
.2800  .3622  32.97   43  1.79   61
.2429  .3414  31.60   54  1.62   40
.2491  .3308  31.25   42  1.61   22
.2409  .3072  31.79   49  1.79   47
.2739  .3237  33.08   42  2.83   41
.2876  .3107  31.96   41  3.3    45
.3074  .3136  29.58   44  2.44   41
.3518  .3457  30.91   48  2.3    34
.3690  .3828  31.11   57  2.47   40
.4026  .3511  30.85   73  2.39   11
.3541  .3270  33.72   55  2.13   26
.4083  .3929  30.60   64  3.05   24
.4950  .4358  30.02   82  2.57   16
.4584  .4758  29.08  118  3.15   35
.4517  .3768  31.69  104  4.07    6
.1999  .4124   8.54  160  2.22  129 
.1602  .2441   9.78   74  2.11   50
.1755  .1316   3.72  133  4.7    70
.2129  .1637   3.56  138  4.86   68
.5223  .3097   9.25  158  2.99  180
.2716  .3172  32.16   44  3.08   40
.2103  .2908   4.39   77  1.82   28
.2714  .2985   4.02   76  2.70   41 
.4022  .3411   3.63  143  3.18   20
.2600  .3013   1.73   80  2.47   38
.2922  .3174  62.36   32  2.10   36
.2648  .3080  57.66   32  1.90   55
.2246  .3634   9.79   89  1.33  147
.1749  .3075   5.31  102  2.03   25
.2692  .4828  23.35  109  1.77  104
.3135  .3352  78.05   45  4.05   47
.2629  .2666  12.32   77  3.96   56
.3053  .2265   8.39   98  2.23   55
.3256  .2723  29.00   59  2.15   47
.3256  .2723  29.00   56  2.10   39
.5391  .3761  21.91  121  2.94  172
.2991  .3258  14.65   37  1.78   47
.1601  .2445  14.23  121  4.04   58
.3091  .4709  10.06  130  1.33   97
.2015  .2805   6.10   97  2.41   30
.4559  .4967  50.85   60  1.48   25
.1772  .2899  16.68   81  2.63   49
.1927  .1758   6.00  111  3.88   73
.4904  .2456   7.5   104  1.88   14
.1883  .2677  10.8    77  1.95   27
.2969  .5006  12.80  123  1.46   84
.6048  .3498  10.90  155  3.26  178 
.5505  .3907  20.60   68  1.32   12
.3109  .5151  29.30  142  1.81   96
.6056  .3321  14.91  156  3.49  179
.2898  .5628  11.70  195  2.06  104
.3188  .3411  36.10   38  2.68   55
.5247  .3477  23.00   84  2.72    2
.3153  .3312  10.26   39  2.75   41
.4031  .4326  41.04   71  2.92   39
.4589  .3741  34.54   87  3.12    9
.2947  .2739  15.93   96  3.66   56
.2318  .2595  16.0    76  2.86   50
.2811  .3434  43.40   42  1.49   45
.3138  .3317  21.01   41  2.58   49 
.3156  .3314  29.61   36  3.17   43
.4867  .3410  20.55  109  3.4     5
.3907  .4286  63.71   70  2.31   42
.2491  .3631  24.17   60  1.11  178
.2195  .2151   8.94  161  6.00   60
.4840  .3430  14.10  107  2.33    4
.2514  .3638  24.30   63  1.20  118
.2008  .2106   6.31  149  6.14   70
.3063  .2850  19.62   76  2.57   56
.4701  .4697  40.72   78  1.67   58
.3477  .3460  28.21   51  2.51   41
.2394  .3091   3.49   90  2.39   41
.5442  .3388  19.11   94  2.89  175
.2439  .2917  19.02   53  2.48   43
.3445  .3238  38.37   61  2.75   36
.2676  .4023  28.65   82  1.39   84
.2349  .4146  11.99  130  2.02  113
.2010  .2280   3.59  127  3.75   68 
.2033  .3307  16.90   78  1.83   45
.3528  .3144  55.62   44  1.59   16
.4149  .3634  58.00   72  3.41   20
.3200  .3829  55.89   54  2.21   74
.3064  .3407  56.40   29  1.77   44
.3166  .3328   9.87   38  2.68   34
.3725  .3922  20.48   73  3.20   46
.2693  .3545  20.64   49  1.10   54
.2946  .3431  20.86   36  1.59   38
.4090  .2833  21.53  114  2.66  179
.3787  .3022  11.77   68  1.27   31 
.3168  .3339  22.19   39  2.33   39
.2853  .3468  11.04   48  1.39   76
.3790  .2950  11.03   71  1.95   14
.2821  .2123  10.49   90  2.26   83
.3878  .2961  37.61   59  2.04    1
.3708  .3096  24.46   56  1.51  168
.5470  .3715  22.64  130  4.39  176
.4789  .2994  19.76  117  2.70  176
.2264  .3776  21.48   78  1.32  161
.1851  .2237  21.60  133  5.81   57
.3200  .4981  42.97  164  2.96   94
.3838  .1965   4.88  123  1.56   10
.4347  .4826  76.10   93  2.64   35
.2111  .3480  25.54   59  1.01   25
.3602  .2507   8.22  136  2.26   50
.1997  .2702  25.92   58  1.80   39
.4219  .4596  67.44   84  1.66   49 
.2075  .2175  19.18   77  2.81   60
.4393  .2534  18.27   94  3.02   13
.4092  .4756  70.57   77  1.78   66
.2813  .4124  22.84   99  1.84  113
.3812  .3266  13.92   84  1.92    1
.3509  .3146  63.54   39  1.35    8
.2732  .3018  59.42   37  2.52   48
.4672  .2609  22.26   88  3.02    5
.4424  .2887   7.47  129  2.74    5
.2413  .2891  18.94   52  2.15   36
.2716  .3854  28.57   60  1.35   77
.2010  .2183   3.66  110  3.42   58
.3302  .5169  20.54  173  2.22   80