.2008  .2106   6.31  149  6.14   70
.3063  .2850  19.62   76  2.57   56
.4701  .4697  40.72   78  1.67   58
.3477  .3460  28.21   51  2.51   41
.2394  .3091   3.49   90  2.39   41
.5442  .3388  19.11   94  2.89  175
.2439  .2917  19.02   53  2.48   43
.3445  .3238  38.37   61  2.75   36
.2676  .4023  28.65   82  1.39   84
.2349  .4146  11.99  130  2.02  113
.2010  .2280   3.59  127  3.75   68
.2033  .3307  16.90   78  1.83   45
.3528  .3144  55.62   44  1.59   16
.4149  .3634  58.00   72  3.41   20
.3200  .3829  55.89   54  2.21   74
.3064  .3407  56.40   29  1.77   44
.3166  .3328   9.87   38  2.68   34
.3725  .3922  20.48   73  3.20   46
.2693  .3545  20.64   49  1.10   54
.2946  .3431  20.86   36  1.59   38
.4090  .2833  21.53  114  2.66  179
.3787  .3022  11.77   68  1.27   31
.3168  .3339  22.19   39  2.33   39
.2853  .3468  11.04   48  1.39   76
.3790  .2950  11.03   71  1.95   14
.2821  .2123  10.49   90  2.26   83
.3878  .2961  37.61   59  2.04    1
.3708  .3096  24.46   56  1.51  168
.5470  .3715  22.64  130  4.39  176
.4789  .2994  19.76  117  2.70  176
.2264  .3776  21.48   78  1.32  161
.1851  .2237  21.60  133  5.81   57
.3838  .1965   4.88  123  1.56   10
.4347  .4826  76.10   93  2.64   35
.2111  .3480  25.54   59  1.01   25
.3602  .2507   8.22  136  2.26   50
.1997  .2702  25.92   58  1.80   39
.4219  .4596  67.44   84  1.66   49
.2075  .2175  19.18   77  2.81   60
.4393  .2534  18.27   94  3.02   13
.4092  .4756  70.57   77  1.78   66
.2813  .4124  22.84   99  1.84  113
.3812  .3266  13.92   84  1.92    1
.3509  .3146  63.54   39  1.35    8
.2732  .3018  59.42   37  2.52   48
.4672  .2609  22.26   88  3.02    5
.4424  .2887   7.47  129  2.74    5
.2413  .2891  18.94   52  2.15   36
.2716  .3854  28.57   60  1.35   77
.2010  .2183   3.66  110  3.42   58
.3302  .5169  20.54  173  2.22   80
.3200  .4981  42.97  164  2.96   94