.1566  .1819   7.3   129  5.84   70
.4773  .4870  62.8    78  1.79    3
.3860  .3077  34.70   58  1.79   26
.2493  .3767   2.9    95  1.49   73
.3284  .2311   2.2   154  2.04   34
.2922  .3111  21.3    43  2.57   48
.3175  .3396  69.9    38  3.11   44
.6218  .3343   8.1   183  4.14    1
.3268  .4783  28.41  121  2.31   73
.4002  .5064  27.22  110  2.32   55
.3504  .4706  28.26   89  2.24   70
.3404  .3863  28.70   72  3.24   57
.3870  .4492  30.32   96  3.13   51
.2800  .3622  32.97   43  1.79   61
.2429  .3414  31.60   54  1.62   40
.2491  .3308  31.25   42  1.61   22
.2409  .3072  31.79   49  1.79   47
.2739  .3237  33.08   42  2.83   41
.2876  .3107  31.96   41  3.3    45
.3074  .3136  29.58   44  2.44   41
.3518  .3457  30.91   48  2.3    34
.3690  .3828  31.11   57  2.47   40
.4026  .3511  30.85   73  2.39   11
.3541  .3270  33.72   55  2.13   26
.4083  .3929  30.60   64  3.05   24
.4950  .4358  30.02   82  2.57   16
.4584  .4758  29.08  118  3.15   35
.4517  .3768  31.69  104  4.07    6
.1999  .4124   8.54  160  2.22  129
.1602  .2441   9.78   74  2.11   50
.1755  .1316   3.72  133  4.7    70
.2129  .1637   3.56  138  4.86   68
.5223  .3097   9.25  158  2.99  180
.2716  .3172  32.16   44  3.08   40
.2103  .2908   4.39   77  1.82   28
.2714  .2985   4.02   76  2.70   41
.4022  .3411   3.63  143  3.18   20
.2600  .3013   1.73   80  2.47   38
.2922  .3174  62.36   32  2.10   36
.2648  .3080  57.66   32  1.90   55
.2246  .3634   9.79   89  1.33  147
.1749  .3075   5.31  102  2.03   25
.2692  .4828  23.35  109  1.77  104
.3135  .3352  78.05   45  4.05   47
.2629  .2666  12.32   77  3.96   56
.3053  .2265   8.39   98  2.23   55
.3256  .2723  29.00   59  2.15   47
.3256  .2723  29.00   56  2.10   39
.5391  .3761  21.91  121  2.94  172
.2991  .3258  14.65   37  1.78   47
.1601  .2445  14.23  121  4.04   58
.3091  .4709  10.06  130  1.33   97
.2015  .2805   6.10   97  2.41   30
.4559  .4967  50.85   60  1.48   25
.1772  .2899  16.68   81  2.63   49
.1927  .1758   6.00  111  3.88   73
.4904  .2456   7.5   104  1.88   14
.1883  .2677  10.8    77  1.95   27
.2969  .5006  12.80  123  1.46   84
.6048  .3498  10.90  155  3.26  178 
.5505  .3907  20.60   68  1.32   12
.3109  .5151  29.30  142  1.81   96
.6056  .3321  14.91  156  3.49  179
.2898  .5628  11.70  195  2.06  104
.3188  .3411  36.10   38  2.68   55
.5247  .3477  23.00   84  2.72    2
.3153  .3312  10.26   39  2.75   41
.4031  .4326  41.04   71  2.92   39
.4589  .3741  34.54   87  3.12    9
.2947  .2739  15.93   96  3.66   56
.2318  .2595  16.0    76  2.86   50
.2811  .3434  43.40   42  1.49   45
.3138  .3317  21.01   41  2.58   49
.3156  .3314  29.61   36  3.17   43
.4867  .3410  20.55  109  3.4     5
.3907  .4286  63.71   70  2.31   42
.2491  .3631  24.17   60  1.11  178
.2195  .2151   8.94  161  6.00   60
.4840  .3430  14.10  107  2.33    4
.2514  .3638  24.30   63  1.20  118